A_1 1 10000000
2A_1 2 10000000 01000000
3A_1 3 10000000 01000000 00001000
A_2 2 10000000 00100000
4A_1 4 10000000 01000000 00001000 00000010
A_2+A_1 3 10000000 00100000 00001000
A_2+2A_1 4 10000000 00100000 00001000 00000010
A_3 3 10000000 00100000 00010000
A_2+3A_1 5 10000000 00100000 01000000 00001000 00000010
2A_2 4 10000000 00100000 00001000 00000100
2A_2+A_1 5 10000000 00100000 01000000 00001000 00000100
A_3+A_1 4 10000000 00100000 00010000 00000100
D_4(a_1) 4 01000000 00100000 01010000 00011000
D_4 4 01000000 00100000 00010000 00001000
2A_2+2A_1 6 10000000 00100000 01000000 00001000 00000100 00000001
A_3+2A_1 5 10000000 00100000 00010000 00000100 00000001
D_4(a_1)+A_1 5 01000000 00100000 01010000 00011000 00000010
A_3+A_2 5 10000000 00100000 00010000 00000100 00000010
(A_3+A_2)^{(2)} 6 10000000 00100000 00010000 00000100 00000010 11221000
A_4 4 10000000 00100000 00010000 00001000
A_3+A_2+A_1 6 10000000 00100000 01000000 00001000 00000100 00000010
D_4+A_1 5 01000000 00100000 00010000 00001000 00000010
D_4(a_1)+A_2 6 01000000 00100000 01010000 00011000 00000010 00000001
A_4+A_1 5 10000000 00100000 00010000 00001000 00000010
2A_3 6 10000000 00100000 00010000 00000100 00000010 00000001
D_5(a_1) 5 10000000 01010000 00110000 01000000 00001000
A_4+2A_1 6 10000000 00100000 00010000 01000000 00000100 00000001
A_4+A_2 6 10000000 00100000 00010000 01000000 00000100 00000010
A_5 5 10000000 00100000 00010000 00001000 00000100
D_5(a_1)+A_1 6 10000000 01010000 00110000 01000000 00001000 00000010
A_4+A_2+A_1 7 10000000 00100000 01000000 00001000 00000100 00000010 00000001
D_4+A_2 6 01000000 00100000 00010000 00001000 00000010 00000001
(D_4+A_2)^{(2)} 7 01000000 00100000 00010000 00001000 00000010 00000001 11232100
E_6(a_3) 6 00010000 00000100 10100000 00110000 01011000 00111000
D_5 5 10000000 01000000 00100000 00010000 00001000
A_4+A_3 7 10000000 00100000 00010000 01000000 00000100 00000010 00000001
A_5+A_1 6 10000000 00100000 00010000 00001000 00000100 00000001
D_5(a_1)+A_2 7 10000000 01010000 00110000 01000000 00001000 00000010 00000001
D_6(a_2) 6 01000000 00100000 01010000 00011000 00001100 00000110
E_6(a_3)+A_1 7 00010000 00000100 10100000 00110000 01011000 00111000 00000001
E_7(a_5) 7 00010000 00110000 00000110 10110000 10111000 01111000 01011100
D_5+A_1 6 10000000 01000000 00100000 00010000 00001000 00000010
E_8(a_7) 8 11111000 01111100 00111110 00011111 01121100 11121100 11121110 11221110
A_6 6 10000000 00100000 00010000 00001000 00000100 00000010
D_6(a_1) 6 01000000 00100000 01010000 00011000 00000100 00000010
A_6+A_1 7 10000000 01000000 00010000 00001000 00000100 00000010 00000001
E_7(a_4) 7 10000000 00010000 00000010 00110000 01111000 01011100 00111100
E_6(a_1) 6 10000000 01000000 00110000 00011000 00001000 00000100
D_5+A_2 7 10000000 01000000 00100000 00010000 00001000 00000010 00000001
(D_5+A_2)^{(2)} 8 10000000 01000000 00100000 00010000 00001000 00000010 00000001 11221100
D_6 6 01000000 00100000 00010000 00001000 00000100 00000010
E_6 6 10000000 01000000 00100000 00010000 00001000 00000100
D_7(a_2) 7 01000000 00100000 01010000 00011000 00001100 00000110 00000001
A_7 7 10000000 00100000 00010000 00001000 00000100 00000010 00000001
(A_7)^{(3)} 8 10000000 00100000 00010000 00001000 00000100 00000010 00000001 11122111
E_6(a_1)+A_1 7 10000000 01000000 00110000 00011000 00001000 00000100 00000001
E_7(a_3) 7 10000000 00010000 00000010 00011000 00001100 01110000 00111000
E_8(b_6) 8 00000011 00000111 11110000 10111000 01111000 01011100 00111100 00011110
D_7(a_1) 7 01000000 00100000 01010000 00011000 00000100 00000010 00000001
(D_7(a_1))^{(2)} 8 01000000 00100000 01010000 00011000 00000100 00000010 00000001 11232211
E_6+A_1 7 10000000 01000000 00100000 00010000 00001000 00000100 00000001
E_7(a_2) 7 10000000 01000000 00100000 01010000 00011000 00001100 00000110
E_8(a_6) 8 00010000 01010000 00011000 00000110 00000011 01011100 00111100 11111000
D_7 7 01000000 00100000 00010000 00001000 00000100 00000010 00000001
E_8(b_5) 8 00000001 10110000 01110000 01011000 00011100 00001110 10111000 01111100
E_7(a_1) 7 10000000 00100000 01010000 00110000 00001000 00000100 00000010
E_8(a_5) 8 10100000 00000110 00000011 01110000 01011000 00111000 00011100 01011100
E_8(b_4) 8 00000010 00000001 10100000 01110000 01011000 00111000 00011100 00001110
E_7 7 10000000 01000000 00100000 00010000 00001000 00000100 00000010
E_8(a_4) 8 10100000 01010000 00110000 00011000 00001100 00000110 00000011 00111000
E_8(a_3) 8 00000010 00000001 10100000 01010000 00110000 00011000 00001100 00111000
E_8(a_2) 8 10000000 01000000 00100000 01010000 00011000 00001100 00000110 00000001
E_8(a_1) 8 10000000 01000000 01010000 00110000 00001000 00000100 00000010 00000001
E_8 8 10000000 01000000 00100000 00010000 00001000 00000100 00000010 00000001